Time: 2020-04-18 04:15:22
{
    "Q7wCC":{
        "output":"466.16 0\n0 2 12 8 1 0\n0 13 5 14 7 10 0\n0 11 3 6 9 15 4 0\n\n0.0006552000000000001"
    }
}

Time: 2020-04-18 04:15:36
{
    "5c314":{
        "output":"1171.62 0\n0 3 11 0\n0 5 15 0\n0 10 20 2 0\n0 19 8 14 0\n0 18 1 9 0\n0 12 23 13 0\n0 24 17 16 4 0\n0 22 6 7 25 21 0\n\n0.0005189000000000001"
    }
}

Time: 2020-04-18 04:15:42
{
    "nUAU4":{
        "output":"1783.49 0\n0 18 2 12 20 25 17 0\n0 41 34 47 8 13 33 42 0\n0 5 14 7 11 30 49 35 48 4 0\n0 3 23 44 6 16 27 38 28 39 32 9 0\n0 31 43 15 24 45 50 19 37 21 22 1 26 40 29 36 10 46 0\n\n0.0006286000000000001"
    }
}

Time: 2020-04-18 04:15:47
{
    "QQs4z":{
        "output":"2091.07 0\n0 63 74 15 16 6 0\n0 25 33 54 57 93 0\n0 2 13 32 38 46 56 7 0\n0 58 70 81 85 88 95 8 0\n0 97 12 17 18 21 22 28 31 34 1 0\n0 37 39 42 53 60 62 71 75 78 82 0\n0 84 87 92 98 100 3 4 5 9 10 11 14 19 20 23 0\n0 24 26 27 29 30 35 36 40 41 43 44 45 47 48 49 50 51 52 55 59 0\n0 61 64 65 66 67 68 69 72 73 76 77 79 80 83 86 89 90 91 94 96 0\n0 99 0\n\n0.0011317"
    }
}

Time: 2020-04-18 04:15:52
{
    "EV1zA":{
        "output":"6772.02 0\n0 85 118 161 48 68 8 0\n0 86 190 39 164 49 102 1 0\n0 154 23 112 159 178 59 5 0\n0 120 125 171 182 31 47 94 2 0\n0 141 174 183 196 81 87 134 34 0\n0 152 160 66 67 72 147 181 13 0\n0 188 32 79 108 113 133 93 170 19 0\n0 180 30 105 114 155 195 14 65 95 3 0\n0 167 198 4 12 16 62 107 111 130 156 15 0\n0 166 184 197 22 44 54 58 75 149 151 26 0\n0 176 193 100 135 148 177 194 9 10 27 28 71 0\n0 38 45 82 103 123 144 158 162 189 89 106 116 21 0\n0 127 138 157 169 191 53 77 128 139 175 187 50 61 76 17 0\n0 142 168 179 11 18 97 132 163 172 186 33 83 96 109 131 143 153 0\n0 192 51 63 98 115 124 145 150 185 20 29 40 52 64 73 88 99 104 119 137 35 55 0\n0 37 74 121 122 165 43 57 84 101 126 140 25 56 69 80 129 136 173 7 36 41 42 70 110 146 199 6 24 60 78 90 117 92 46 91 0\n\n0.0026455000000000003"
    }
}

Time: 2020-04-18 04:15:57
{
    "5U5So":{
        "output":"5395.64 0\n0 1 2 3 4 5 0\n0 6 7 8 9 10 0\n0 11 60 61 62 63 0\n0 64 65 66 67 68 0\n0 69 70 71 120 121 0\n0 122 123 124 125 126 0\n0 127 128 129 130 131 0\n0 180 181 182 183 184 0\n0 185 186 187 188 189 0\n0 190 191 240 241 242 0\n0 243 244 245 246 247 0\n0 248 249 250 251 300 0\n0 301 302 303 304 305 0\n0 306 307 308 309 310 0\n0 311 360 361 362 363 0\n0 364 365 366 367 368 0\n0 369 370 371 420 15 18 0\n0 23 26 31 34 39 42 47 50 55 58 0\n0 75 78 83 86 91 94 99 102 107 110 0\n0 115 118 135 138 143 146 151 154 159 162 0\n0 167 170 175 178 195 198 203 206 211 214 0\n0 219 222 227 230 235 238 255 258 263 266 0\n0 271 274 279 282 287 290 295 298 315 318 0\n0 323 326 331 334 339 342 347 350 355 358 0\n0 375 378 383 386 391 394 399 402 407 410 0\n0 415 418 12 13 14 16 17 19 20 21 22 24 25 27 28 29 30 32 0\n0 33 35 36 37 38 40 41 43 44 45 46 48 49 51 52 53 54 56 57 59 0\n0 72 73 74 76 77 79 80 81 82 84 85 87 88 89 90 92 93 95 96 97 0\n0 98 100 101 103 104 105 106 108 109 111 112 113 114 116 117 119 132 133 134 136 0\n0 137 139 140 141 142 144 145 147 148 149 150 152 153 155 156 157 158 160 161 163 0\n0 164 165 166 168 169 171 172 173 174 176 177 179 192 193 194 196 197 199 200 201 0\n0 202 204 205 207 208 209 210 212 213 215 216 217 218 220 221 223 224 225 226 228 0\n0 229 231 232 233 234 236 237 239 252 253 254 256 257 259 260 261 262 264 265 267 0\n0 268 269 270 272 273 275 276 277 278 280 281 283 284 285 286 288 289 291 292 293 0\n0 294 296 297 299 312 313 314 316 317 319 320 321 322 324 325 327 328 329 330 332 0\n0 333 335 336 337 338 340 341 343 344 345 346 348 349 351 352 353 354 356 357 359 0\n0 372 373 374 376 377 379 380 381 382 384 385 387 388 389 390 392 393 395 396 397 0\n0 398 400 401 403 404 405 406 408 409 411 412 413 414 416 417 419 0\n0  0\n0  0\n0  0\n\n0.0105045"
    }
}

Time: 2020-04-18 04:21:14
{
    "5U5So":{
        "output":"5395.64 0\n0 1 2 3 4 5 0\n0 6 7 8 9 10 0\n0 11 60 61 62 63 0\n0 64 65 66 67 68 0\n0 69 70 71 120 121 0\n0 122 123 124 125 126 0\n0 127 128 129 130 131 0\n0 180 181 182 183 184 0\n0 185 186 187 188 189 0\n0 190 191 240 241 242 0\n0 243 244 245 246 247 0\n0 248 249 250 251 300 0\n0 301 302 303 304 305 0\n0 306 307 308 309 310 0\n0 311 360 361 362 363 0\n0 364 365 366 367 368 0\n0 369 370 371 420 15 18 0\n0 23 26 31 34 39 42 47 50 55 58 0\n0 75 78 83 86 91 94 99 102 107 110 0\n0 115 118 135 138 143 146 151 154 159 162 0\n0 167 170 175 178 195 198 203 206 211 214 0\n0 219 222 227 230 235 238 255 258 263 266 0\n0 271 274 279 282 287 290 295 298 315 318 0\n0 323 326 331 334 339 342 347 350 355 358 0\n0 375 378 383 386 391 394 399 402 407 410 0\n0 415 418 12 13 14 16 17 19 20 21 22 24 25 27 28 29 30 32 0\n0 33 35 36 37 38 40 41 43 44 45 46 48 49 51 52 53 54 56 57 59 0\n0 72 73 74 76 77 79 80 81 82 84 85 87 88 89 90 92 93 95 96 97 0\n0 98 100 101 103 104 105 106 108 109 111 112 113 114 116 117 119 132 133 134 136 0\n0 137 139 140 141 142 144 145 147 148 149 150 152 153 155 156 157 158 160 161 163 0\n0 164 165 166 168 169 171 172 173 174 176 177 179 192 193 194 196 197 199 200 201 0\n0 202 204 205 207 208 209 210 212 213 215 216 217 218 220 221 223 224 225 226 228 0\n0 229 231 232 233 234 236 237 239 252 253 254 256 257 259 260 261 262 264 265 267 0\n0 268 269 270 272 273 275 276 277 278 280 281 283 284 285 286 288 289 291 292 293 0\n0 294 296 297 299 312 313 314 316 317 319 320 321 322 324 325 327 328 329 330 332 0\n0 333 335 336 337 338 340 341 343 344 345 346 348 349 351 352 353 354 356 357 359 0\n0 372 373 374 376 377 379 380 381 382 384 385 387 388 389 390 392 393 395 396 397 0\n0 398 400 401 403 404 405 406 408 409 411 412 413 414 416 417 419 0\n0  0\n0  0\n0  0\n0.011019300000000001"
    },
    "5c314":{
        "output":"1171.62 0\n0 3 11 0\n0 5 15 0\n0 10 20 2 0\n0 19 8 14 0\n0 18 1 9 0\n0 12 23 13 0\n0 24 17 16 4 0\n0 22 6 7 25 21 0\n0.0004459"
    },
    "EV1zA":{
        "output":"6772.02 0\n0 85 118 161 48 68 8 0\n0 86 190 39 164 49 102 1 0\n0 154 23 112 159 178 59 5 0\n0 120 125 171 182 31 47 94 2 0\n0 141 174 183 196 81 87 134 34 0\n0 152 160 66 67 72 147 181 13 0\n0 188 32 79 108 113 133 93 170 19 0\n0 180 30 105 114 155 195 14 65 95 3 0\n0 167 198 4 12 16 62 107 111 130 156 15 0\n0 166 184 197 22 44 54 58 75 149 151 26 0\n0 176 193 100 135 148 177 194 9 10 27 28 71 0\n0 38 45 82 103 123 144 158 162 189 89 106 116 21 0\n0 127 138 157 169 191 53 77 128 139 175 187 50 61 76 17 0\n0 142 168 179 11 18 97 132 163 172 186 33 83 96 109 131 143 153 0\n0 192 51 63 98 115 124 145 150 185 20 29 40 52 64 73 88 99 104 119 137 35 55 0\n0 37 74 121 122 165 43 57 84 101 126 140 25 56 69 80 129 136 173 7 36 41 42 70 110 146 199 6 24 60 78 90 117 92 46 91 0\n0.0028218999999999996"
    },
    "Q7wCC":{
        "output":"466.16 0\n0 2 12 8 1 0\n0 13 5 14 7 10 0\n0 11 3 6 9 15 4 0\n0.000377"
    },
    "QQs4z":{
        "output":"2091.07 0\n0 63 74 15 16 6 0\n0 25 33 54 57 93 0\n0 2 13 32 38 46 56 7 0\n0 58 70 81 85 88 95 8 0\n0 97 12 17 18 21 22 28 31 34 1 0\n0 37 39 42 53 60 62 71 75 78 82 0\n0 84 87 92 98 100 3 4 5 9 10 11 14 19 20 23 0\n0 24 26 27 29 30 35 36 40 41 43 44 45 47 48 49 50 51 52 55 59 0\n0 61 64 65 66 67 68 69 72 73 76 77 79 80 83 86 89 90 91 94 96 0\n0 99 0\n0.0011270999999999998"
    },
    "nUAU4":{
        "output":"1783.49 0\n0 18 2 12 20 25 17 0\n0 41 34 47 8 13 33 42 0\n0 5 14 7 11 30 49 35 48 4 0\n0 3 23 44 6 16 27 38 28 39 32 9 0\n0 31 43 15 24 45 50 19 37 21 22 1 26 40 29 36 10 46 0\n0.0005959"
    }
}

Time: 2020-04-21 07:34:29
{
    "5U5So":{
        "output":"2152.38 0\n0  0\n0  0\n0  0\n0 126 186 319 379 366 384 382 383 323 0\n0 255 315 374 360 378 306 324 246 0\n0 256 251 375 311 419 371 376 316 196 119 0\n0 325 380 385 386 387 392 307 327 326 361 263 0\n0 188 248 340 399 400 368 395 394 335 0\n0 343 309 249 348 407 408 369 403 402 0\n0 231 190 250 310 416 370 411 406 0\n0 207 187 272 331 390 391 332 247 267 266 265 0\n0 127 212 271 330 381 367 373 322 264 259 318 377 0\n0 128 220 308 362 393 334 275 280 279 0\n0 223 189 339 398 389 363 401 342 283 288 347 0\n0 129 228 287 346 397 364 409 410 351 356 415 0\n0 130 236 295 354 405 365 414 355 296 291 350 0\n0 135 131 191 299 358 417 418 359 239 178 0\n0 197 252 240 257 312 300 372 317 258 199 204 79 0\n0 138 198 139 66 144 203 262 313 301 320 205 0\n0 87 146 67 211 270 321 302 388 333 274 215 0\n0 95 154 68 160 219 338 329 303 396 341 282 0\n0 103 162 69 168 227 286 337 304 404 349 290 0\n0 111 170 70 176 235 294 345 305 412 357 298 0\n0 112 57 65 58 59 16 75 134 233 180 113 0\n0 23 6 84 143 253 202 241 206 147 152 92 0\n0 31 7 151 261 210 242 328 273 214 155 35 0\n0 39 8 100 159 269 218 243 336 281 222 163 0\n0 47 9 108 167 277 226 244 344 289 230 171 0\n0 55 10 116 175 285 234 245 352 297 238 179 0\n0 80 25 61 26 27 32 91 150 201 182 268 213 0\n0 88 33 62 34 40 99 158 209 183 278 276 221 0\n0 96 41 63 42 43 48 107 166 217 184 284 229 0\n0 104 49 64 50 51 56 115 174 225 185 292 237 0\n0 15 11 76 71 136 195 254 353 314 413 293 194 0\n0 12 72 17 60 18 19 24 83 142 193 181 260 0\n0 20 1 13 73 22 133 82 121 140 85 86 145 200 0\n0 28 2 21 81 30 141 90 122 148 93 94 153 208 0\n0 36 3 29 89 38 149 98 123 156 101 102 161 216 0\n0 44 4 37 97 46 157 106 124 164 109 110 169 224 0\n0 52 5 45 105 54 165 114 125 172 117 118 177 232 0\n0 53 14 173 74 120 132 77 78 137 192 420 0\n6.937510300000003"
    },
    "5c314":{
        "output":"607.65 0\n0 19 15 0\n0 3 0\n0 9 8 11 12 0\n0 7 5 17 0\n0 24 18 22 0\n0 14 6 1 23 0\n0 2 4 25 10 0\n0 16 13 21 20 0\n6.0240509"
    },
    "EV1zA":{
        "output":"1573.59 0\n0 70 122 30 131 32 90 64 49 143 47 168 48 0\n0 172 15 43 142 14 38 44 141 86 113 36 82 0\n0 196 71 66 181 63 126 11 175 107 19 123 124 46 0\n0 73 171 74 72 197 186 23 67 39 179 0\n0 184 150 68 121 29 169 34 9 188 20 128 160 0\n0 198 110 155 4 130 54 163 24 165 55 25 170 187 139 56 21 0\n0 59 87 144 57 2 178 115 145 41 22 133 75 0\n0 50 102 157 120 135 35 136 65 161 103 51 0\n0 183 96 104 99 93 85 193 191 192 100 95 0\n0 18 114 8 174 125 45 84 173 119 140 16 61 5 0\n0 52 153 106 194 182 148 62 159 108 189 10 0\n0 76 116 77 158 3 79 129 78 164 81 33 185 111 0\n0 28 154 138 12 80 134 177 109 195 149 26 0\n0 27 167 69 132 176 1 101 162 31 190 127 88 7 146 0\n0 53 105 180 40 152 58 137 42 37 98 92 151 97 117 13 0\n0 156 112 89 166 60 118 83 199 17 91 94 6 147 0\n6.178292900000002"
    },
    "Q7wCC":{
        "output":"279.49 0\n0 1 8 3 2 9 0\n0 12 15 10 5 11 0\n0 6 7 14 13 4 0\n6.0250068"
    },
    "QQs4z":{
        "output":"875.87 0\n0 75 1 99 100 97 93 92 94 95 96 0\n0 90 87 84 85 88 89 91 98 2 5 0\n0 69 66 64 55 57 44 45 46 48 51 50 52 49 47 43 0\n0 32 33 31 35 37 38 39 36 34 0\n0 13 17 18 19 15 16 14 12 10 0\n0 86 83 82 81 78 76 71 70 73 77 79 80 0\n0 68 54 53 56 58 60 59 40 42 41 0\n0 7 8 11 9 6 4 3 0\n0 65 63 74 61 72 62 67 0\n0 20 22 25 24 27 29 30 28 26 23 21 0\n6.112401500000001"
    },
    "nUAU4":{
        "output":"561.73 0\n0 46 5 37 44 42 19 40 41 13 25 0\n0 22 3 28 31 8 26 7 43 23 48 27 0\n0 11 16 50 21 29 35 36 20 2 1 32 0\n0 17 15 45 33 39 10 30 34 9 49 38 0\n0 6 24 14 18 4 47 12 0\n6.0906795"
    }
}

