Time: 2020-04-07 21:42:38
{
    "fmYLC":{
        "output":"6 1\n1 1 2 0 2 2 1 3 2 5 4 1 1 3 0 4 0 3 4 2 0 0 2 4 4 3 4 3 3 5 1 0 0 2 5 2 1 5 1 3 1 4 3 0 1 4 4 5 5 5"
    }
}

Time: 2020-04-07 21:42:45
{
    "IkKpq":{
        "output":"17 1\n7 6 6 11 10 16 12 4 2 4 5 3 12 8 13 15 14 10 10 13 1 3 15 15 9 14 8 1 9 0 14 14 3 4 16 8 15 2 10 11 1 9 11 1 9 12 13 2 16 7 7 16 2 5 16 8 0 0 12 11 6 13 9 3 6 6 5 5 5 0"
    }
}

Time: 2020-04-17 01:49:33
{
    "fmYLC":{
        "output":"50 0\n0 1 2 3 4 5 6 7 8 9 10 11 12 13 14 15 16 17 18 19 20 21 22 23 24 25 26 27 28 29 30 31 32 33 34 35 36 37 38 39 40 41 42 43 44 45 46 47 48 49\n0.0337142"
    }
}

Time: 2020-04-17 01:49:52
Time: 2020-04-17 01:50:32
{
    "fmYLC":{
        "output":"9 0\n0 0 0 1 0 2 0 0 2 2 1 0 1 1 3 3 4 3 1 0 3 1 2 2 2 3 4 1 4 5 5 4 5 5 1 3 2 6 3 2 5 6 7 3 4 6 1 4 5 8\n0.0010075000000000001"
    }
}

Time: 2020-04-17 01:50:36
Time: 2020-04-17 01:50:44
{
    "fmYLC":{
        "output":"6 1\n1 1 2 0 2 2 1 3 2 5 4 1 1 3 0 4 0 3 4 2 0 0 2 4 4 3 4 3 3 5 1 0 0 2 5 2 1 5 1 3 1 4 3 0 1 4 4 5 5 5\n0.7057466"
    }
}

Time: 2020-04-17 01:51:07
{
    "fmYLC":{
        "output":"6 1\n1 1 2 0 2 2 1 3 2 5 4 1 1 3 0 4 0 3 4 2 0 0 2 4 4 3 4 3 3 5 1 0 0 2 5 2 1 5 1 3 1 4 3 0 1 4 4 5 5 5\n0.7991320000000001"
    }
}

