Time: 2020-04-07 18:02:23
{
    "R9hfg":{
        "output":"22773.71 0\n0 12 93 15 97 33 60 1 36 45 46 30 94 82 49 23 6 85 59 41 68 48 63 53 9 18 52 22 8 90 38 70 19 25 43 44 35 54 92 5 87 77 37 47 88 20 21 32 11 99 40 72 84 51 17 79 26 29 55 3 24 71 57 39 7 83 74 66 91 4 69 13 16 96 80 14 62 28 64 76 34 50 2 89 61 42 98 67 95 78 86 10 73 81 75 56 31 27 58 65"
    },
    "YQL5Q":{
        "output":"462.71 0\n0 5 2 47 33 22 1 26 6 27 28 10 9 45 3 46 8 4 13 35 23 34 24 41 36 12 30 37 20 25 31 39 43 21 29 42 11 40 7 19 18 16 44 14 15 38 50 49 17 48 32"
    },
    "ZVrLp":{
        "output":"31887.03 0\n0 49 168 125 199 155 180 78 12 178 87 164 23 26 179 119 137 171 68 14 136 83 40 146 72 38 90 53 153 62 76 63 154 42 187 122 121 70 3 92 43 59 52 123 4 117 144 135 18 195 36 61 34 118 50 191 1 99 29 143 47 140 91 116 177 54 112 86 25 162 130 147 94 55 150 27 11 114 132 46 20 181 163 113 24 19 141 9 8 101 115 176 2 82 39 5 17 58 149 84 142 15 151 157 183 106 85 95 188 81 182 105 103 165 44 32 67 13 186 159 64 173 77 98 30 56 71 134 160 75 79 193 156 133 126 170 6 73 111 60 108 124 145 45 51 7 120 189 100 194 197 131 66 74 158 35 128 107 198 175 196 190 28 127 57 102 110 192 21 184 172 152 69 88 89 16 139 138 48 169 97 166 96 104 31 161 93 10 167 109 41 22 65 37 185 148 33 80 129 174"
    }
}

Time: 2020-04-07 18:03:05
{
    "YQL5Q":{
        "output":"462.71 0\n0 5 2 47 33 22 1 26 6 27 28 10 9 45 3 46 8 4 13 35 23 34 24 41 36 12 30 37 20 25 31 39 43 21 29 42 11 40 7 19 18 16 44 14 15 38 50 49 17 48 32"
    }
}

Time: 2020-04-07 19:01:09
Time: 2020-04-07 19:02:50
Time: 2020-04-07 19:04:36
Time: 2020-04-07 21:50:24
Time: 2020-04-07 21:50:33
{
    "6tyFn":{
        "output":"39209.05 0\n0 1 2 3 4 5 6 7 8 9 10 11 12 13 14 15 16 17 18 19 20 21 23 22 24 25 26 27 28 29 31 30 32 33 34 35 36 37 38 40 41 39 42 43 44 45 46 47 48 49 50 51 52 54 53 55 56 57 58 59 60 61 63 62 64 65 66 67 68 69 70 71 72 73 74 75 76 77 78 79 80 81 82 83 84 85 86 87 88 89 90 92 91 93 94 95 96 97 98 99 100 101 102 103 104 105 106 107 108 109 110 111 112 113 114 115 116 117 118 119 120 121 122 123 124 125 126 127 128 129 130 131 132 133 134 135 136 137 138 139 140 141 142 143 144 145 146 151 150 149 152 148 147 153 154 155 156 157 158 159 160 161 162 163 164 165 166 167 168 169 171 170 172 173 174 175 176 177 178 179 180 181 182 183 184 185 186 187 188 227 190 191 192 193 194 195 196 197 198 199 200 201 202 204 203 208 207 206 205 209 210 211 212 213 214 215 216 217 223 224 222 221 220 218 219 225 226 189 228 229 230 231 233 232 234 235 236 237 240 239 238 246 247 245 244 243 242 241 248 249 250 251 252 254 253 255 256 257 258 259 260 261 262 263 264 265 266 267 270 269 268 271 272 273 274 275 276 277 278 279 282 281 280 287 286 285 284 283 288 289 290 291 292 293 294 295 296 297 298 299 300 301 302 303 304 306 305 307 308 309 310 311 312 313 314 315 316 317 318 319 320 321 322 323 324 325 326 327 328 329 330 331 332 333 334 335 336 337 338 339 340 341 342 343 344 345 346 347 348 349 350 351 352 353 354 355 356 357 358 359 360 361 362 363 364 365 366 367 368 369 370 371 372 373 374 375 376 377 378 379 380 381 382 383 384 385 386 387 388 389 390 392 391 393 394 395 396 397 398 399 400 401 402 403 404 405 406 407 408 409 410 411 412 413 414 415 416 417 418 419 420 421 422 423 424 425 426 427 428 429 431 430 432 433 434 435 436 437 438 439 440 441 442 443 444 445 446 447 448 449 450 451 501 500 499 452 453 454 455 456 457 458 459 460 461 462 463 464 465 466 467 468 469 470 471 472 473 474 475 476 477 478 479 480 481 482 483 484 485 486 487 488 489 490 491 492 493 525 524 494 495 496 497 498 502 503 504 505 506 507 508 509 510 511 512 513 514 515 516 517 519 518 520 521 522 523 526 527 528 529 530 531 532 533 534 535 536 537 539 538 540 542 541 543 544 547 546 545 548 549 550 551 552 553 554 555 556 557 558 559 560 561 562 563 564 565 566 567 568 569 570 571 572 573"
    },
    "R9hfg":{
        "output":"22773.71 0\n0 12 93 15 97 33 60 1 36 45 46 30 94 82 49 23 6 85 59 41 68 48 63 53 9 18 52 22 8 90 38 70 19 25 43 44 35 54 92 5 87 77 37 47 88 20 21 32 11 99 40 72 84 51 17 79 26 29 55 3 24 71 57 39 7 83 74 66 91 4 69 13 16 96 80 14 62 28 64 76 34 50 2 89 61 42 98 67 95 78 86 10 73 81 75 56 31 27 58 65"
    },
    "YQL5Q":{
        "output":"462.71 0\n0 5 2 47 33 22 1 26 6 27 28 10 9 45 3 46 8 4 13 35 23 34 24 41 36 12 30 37 20 25 31 39 43 21 29 42 11 40 7 19 18 16 44 14 15 38 50 49 17 48 32"
    },
    "ZVrLp":{
        "output":"31887.03 0\n0 49 168 125 199 155 180 78 12 178 87 164 23 26 179 119 137 171 68 14 136 83 40 146 72 38 90 53 153 62 76 63 154 42 187 122 121 70 3 92 43 59 52 123 4 117 144 135 18 195 36 61 34 118 50 191 1 99 29 143 47 140 91 116 177 54 112 86 25 162 130 147 94 55 150 27 11 114 132 46 20 181 163 113 24 19 141 9 8 101 115 176 2 82 39 5 17 58 149 84 142 15 151 157 183 106 85 95 188 81 182 105 103 165 44 32 67 13 186 159 64 173 77 98 30 56 71 134 160 75 79 193 156 133 126 170 6 73 111 60 108 124 145 45 51 7 120 189 100 194 197 131 66 74 158 35 128 107 198 175 196 190 28 127 57 102 110 192 21 184 172 152 69 88 89 16 139 138 48 169 97 166 96 104 31 161 93 10 167 109 41 22 65 37 185 148 33 80 129 174"
    }
}

Time: 2020-04-07 21:52:06
{
    "tSpoY":{
        "output":"508777.60 0\n0 3 398 385 546 548 1794 1834 1783 1782 1732 1733 1734 1745 1867 1750 50 1744 1743 1742 1741 1160 1740 1739 1216 1022 1021 1253 1252 480 751 181 255 215 923 448 437 258 502 444 661 308 384 1605 300 706 722 784 1702 1730 112 1459 1629 1417 1418 1675 90 1501 1658 1657 1656 1589 19 1617 1616 1416 1701 1729 793 1020 1700 1728 436 375 1458 1628 1667 1415 1414 1413 1412 1411 1410 1409 1408 1407 1406 1405 1404 1403 1887 1643 1503 1421 1664 1424 1618 1500 1606 1626 1506 1519 1520 1521 1522 1523 1461 1462 1019 1215 307 545 1760 1627 1507 80 1663 1423 1778 1642 1593 1724 1878 1402 1886 1596 164 163 1053 1054 666 665 749 750 1425 1256 1812 664 748 1119 1532 41 1335 79 78 77 644 616 753 824 158 586 293 209 467 771 561 454 658 865 274 563 773 854 866 267 421 758 283 849 429 235 244 381 818 715 697 815 830 779 837 841 785 776 744 840 839 71 649 1294 103 1200 790 946 1325 1787 1374 1065 62 1299 995 1856 1690 295 117 124 296 176 787 755 804 203 650 813 791 850 855 464 183 795 360 221 508 136 410 238 152 635 806 402 439 205 491 348 798 801 433 565 808 942 745 100 743 856 1385 1386 1387 1388 1389 1390 1391 1392 1393 1394 247 1118 1515 110 1492 1371 816 698 851 242 243 382 864 275 585 1614 1007 1006 1005 1004 1609 1305 18 17 1495 1496 688 377 1499 1738 75 76 53 1013 451 1625 1078 1613 1612 83 1531 1530 58 59 1633 1624 1077 1012 96 97 1737 9 65 1498 1611 679 1631 1632 1623 1076 1011 1010 1075 1622 1529 57 951 1826 1229 1230 1827 952 93 42 1336 1533 1120 1121 1814 1813 1257 1426 1427 1258 1510 1125 1833 1797 1673 660 631 1598 770 1637 1638 1639 1640 1641 1056 314 731 393 541 316 1600 1599 1653 547 372 1648 1647 1646 1645 1644 251 1047 318 1046 407 967 1511 1259 1260 968 1048 1831 1777 1877 1601 1651 1726 1590 20 783 721 705 704 89 1697 45 1830 61 719 720 782 1122 1815 1536 1233 1232 1829 92 364 1619 1607 10 1306 1400 1399 1398 1397 1396 1395 246 245 236 1807 1806 1805 114 113 777 1803 101 1297 1296 1295 1201 1384 1383 1382 1381 1380 1379 1378 1377 997 996 1300 63 1066 742 1691 1857 1326 98 99 1809 947 1226 1227 1228 948 1301 1069 1068 1067 241 1375 1376 240 1788 1302 1327 64 104 115 1804 111 105 102 1298 788 177 184 465 566 809 125 297 492 434 802 349 799 222 509 361 796 440 206 137 1328 1329 1330 1331 1202 1203 116 651 1825 949 1604 1692 1693 1694 741 239 411 153 807 403 998 999 207 138 118 123 792 814 778 829 636 805 204 756 746 857 842 786 428 848 817 757 383 863 280 780 838 867 237 943 759 422 268 821 584 276 774 853 852 699 789 810 185 178 435 493 466 567 298 803 350 122 139 510 362 223 800 797 441 208 1000 1001 1071 905 911 910 909 1790 1811 1859 912 1538 1537 1696 1695 1858 1810 1789 1070 906 907 908 945 1333 1332 1204 1205 1206 1207 1208 1209 1210 1211 1212 1213 1214 180 179 1334 913 1539 1540 1541 1542 1373 281 822 823 560 1494 1517 1595 1401 1307 211 826 16 432 1808 1003 1608 11 12 13 14 248 269 559 564 689 378 431 675 140 301 455 562 772 468 811 754 825 210 294 106 1543 1372 1493 1516 820 819 716 91 33 15 1002 1072 44 1525 1620 1635 1634 60 87 1699 609 225 160 1535 608 446 162 419 386 966 965 964 963 962 961 960 959 958 957 956 955 954 1636 1621 1528 1527 1526 1698 684 469 186 126 159 313 730 769 630 659 1324 94 953 729 1337 1534 1231 1828 219 761 762 47 519 478 1762 1649 1650 1725 1594 1879 1597 1055 1764 1763 1832 1796 1124 1509 1508 1123 1795 1126 1127 1128 1129 1130 1131 1132 1133 1134 1135 1136 1137 1138 1139 1140 1141 1142 1143 1144 1145 1146 1147 1148 1149 1150 1151 1152 1153 1154 1155 1156 1157 1018 1358 1357 1356 1355 1354 1353 1352 1351 1350 1349 1348 1347 1346 1345 1344 1343 1342 1341 1340 1339 1338 229 228 417 418 1052 414 413 396 397 1092 1091 1090 1089 1088 1087 1086 1085 1084 1083 1082 1081 1080 1079 1074 1009 1008 1073 971 972 973 974 673 1779 1780 1736 1497 1610 1304 1303 8 1116 1115 1546 1545 1544 282 1489 284 1512 1513 7 557 1490 1491 109 868 1514 1117 453 812 728 674 430 376 687 270 558 638 306 678 450 663 781 760 768 629 302 141 310 155 747 224 227 416 412 395 399 285 950 156 157 400 286 1093 1094 1095 1096 1097 1098 1099 1100 1101 1102 1103 1104 1105 1106 1107 1108 1109 1110 1111 1112 1113 1114 1518 1505 1422 1504 1547 1548 1549 1550 1551 1552 1553 1554 1555 1556 1557 1558 1559 1560 1561 1562 1563 1564 1565 1566 1567 1568 1569 1570 1571 1572 1573 1574 1575 1576 1577 288 1456 1457 1670 1364 1363 289 1578 1579 1580 1581 1582 1583 1584 1585 1064 151 359 406 290 1722 712 713 714 696 599 600 601 930 931 1853 987 1659 937 39 1199 1868 1869 975 521 1251 1198 500 619 539 845 858 528 231 147 218 615 594 291 371 710 694 202 727 192 578 172 596 149 861 767 574 627 484 404 708 869 632 536 232 527 765 357 356 1681 1682 355 1680 1679 1678 1677 775 463 575 495 682 570 543 941 266 936 718 874 555 5 1486 287 1487 85 86 40 84 1851 66 74 46 49 1735 1776 1844 1888 1865 1836 681 486 1727 1874 1840 1225 1224 1781 1288 1158 1254 1017 1359 1318 1218 1219 1220 1221 1222 1223 549 625 875 518 891 878 884 501 618 640 603 656 889 425 917 900 261 517 257 641 604 590 894 652 342 646 583 580 871 668 667 1791 1683 1837 1838 1684 1792 54 55 56 1057 1323 593 483 764 526 581 872 591 895 653 343 643 516 260 1483 1482 1481 1480 1479 1478 1477 1476 1475 1474 1473 1472 1471 1470 1469 1468 1467 1466 1465 1464 1463 1255 1159 1290 1289 1428 1429 1430 1431 1432 1433 1434 1435 1436 1437 1438 1439 1440 1441 1442 1443 1444 1445 1446 1447 1448 1449 1450 1451 1452 1453 1454 1455 1484 1671 1365 535 1876 534 1875 1864 642 1870 262 655 1488 1759 1758 1757 1756 1755 1754 1753 1752 1793 409 1748 602 657 1668 1669 341 1672 676 890 73 72 1685 52 36 1058 43 1362 1849 1196 1292 95 1723 1361 1848 1045 529 843 725 898 928 522 736 537 944 379 321 128 488 490 1674 988 1660 1854 692 1863 938 994 88 121 120 325 981 1845 1662 980 506 588 131 324 353 332 331 347 693 932 134 552 514 391 623 459 739 702 703 740 460 1817 1816 1775 550 690 589 507 135 933 351 926 345 532 329 132 326 982 497 1195 1293 976 977 986 989 990 993 939 737 392 515 700 457 621 983 984 1772 1 991 1774 1855 505 1852 978 1655 1588 1587 1197 1850 1040 1041 1586 499 82 81 38 1321 1060 1059 37 1320 1319 24 25 1686 28 1871 30 1366 233 67 107 369 1687 23 1360 1042 1061 1322 695 711 1721 1720 1719 1718 1717 1716 1715 1714 1713 1712 1711 1710 1709 1708 368 32 1873 896 647 605 525 582 579 919 763 482 358 405 709 150 592 873 614 217 766 573 669 901 916 904 654 677 234 35 1802 1861 1705 1842 613 200 171 170 169 168 1179 1862 1706 1181 1182 1183 1184 1185 1186 1187 1188 1189 1190 1191 1192 1193 1194 175 540 620 724 201 726 844 538 735 929 523 487 628 494 556 380 322 530 129 489 292 587 130 533 330 346 927 327 133 551 691 934 701 738 940 899 390 622 458 352 925 733 513 504 173 597 846 859 576 189 370 862 230 146 648 897 496 633 870 498 1043 1062 188 278 683 1884 920 571 572 1370 1689 443 442 672 671 670 1044 1063 598 847 174 979 1661 985 828 2 992 1773 48 1843 827 190 191 577 860 1250 1249 1248 1247 1246 1245 1244 1243 1242 1241 1240 1239 1238 1237 1236 1235 1234 1180 1846 1823 1822 1821 1820 1819 144 143 831 832 833 834 835 1880 542 569 1707 1847 1883 1039 1038 1037 1036 1035 1034 1033 1032 1031 1030 1029 1028 1027 1026 1025 1024 1016 1015 1014 1630 1460 1676 1419 1420 1665 1666 1768 1767 1766 1765 388 1051 1603 1592 1502 1652 1602 1591 323 794 373 319 472 474 595 707 299 568 836 471 148 520 479 315 387 420 273 195 212 531 127 317 408 344 320 253 475 473 470 187 220 634 452 639 617 645 277 680 154 311 312 685 305 637 363 717 226 610 279 161 447 196 970 214 213 194 1317 1316 1315 1314 1313 1312 1311 1310 1309 1308 1050 1049 1654 252 254 476 969 1261 1262 1263 1264 1265 1266 1267 1268 1269 1270 1271 1272 1273 1274 1275 1276 1277 1278 1279 1280 1281 1282 1283 1284 1285 1286 1287 1023 1217 1785 1786 1761 1524 108 263 415 182 256 193 142 216 481 752 365 524 606 607 445 503 732 924 309 662 449 438 401 427 374 259 723 456 249 477 272 354 544 338 337 336 304 686 271 333 334 335 303 394 734 328 250 1615 1769 1770 1771 1731 389 145 1818 1747 119 461 462 626 1751 51 512 511 624 1746 922 921 1885 485 1784 1835 1839 1291 1161 1162 1163 1164 1165 1166 1167 1168 1169 1170 1171 1172 1173 1174 1175 1176 1177 1178 167 166 165 197 198 199 611 612 893 892 879 880 881 882 883 876 877 21 886 885 22 27 1882 1824 1860 1841 1704 1801 34 68 69 70 1688 1369 1368 1367 29 1872 31 918 426 902 903 915 914 1798 1799 1800 1703 935 265 264 423 424 1485 340 339 366 367 1881 26 6 888 887 4 554 553 1749 1866"
    }
}

Time: 2020-04-08 08:49:37
Time: 2020-04-08 08:50:40
